total 10000
(6, 0, 1, 5, 2, 3, 4)  win num 4466
(6, 0, 1, 3, 5, 2, 4)  win num 4445
(6, 0, 1, 5, 2, 4, 3)  win num 4441
(6, 0, 1, 4, 5, 2, 3)  win num 4324
(6, 0, 1, 3, 4, 2, 5)  win num 4318

total 10000
(6, 0, 1, 5, 2, 3, 4)  win num 4525
(6, 0, 1, 3, 5, 2, 4)  win num 4430
(6, 0, 1, 5, 3, 4, 2)  win num 4319
(6, 0, 1, 4, 5, 2, 3)  win num 4278
(2, 1, 0, 6, 5, 4, 3)  win num 4229

total 100000
(6, 0, 1, 5, 2, 3, 4)  win num 44902
(6, 0, 1, 5, 2, 4, 3)  win num 44576
(6, 0, 1, 5, 3, 4, 2)  win num 43337
(6, 0, 1, 3, 5, 4, 2)  win num 43257
(6, 0, 1, 3, 2, 5, 4)  win num 43155